Moves List: [
  156,
  306,
  167,
  136,
  245,
  217,
  189,
  286,
  203,
  199,
  266,
  213,
  192,
  242,
  272,
  185,
  228,
  221,
  203,
  187,
  248,
  188,
  215,
  236,
  226,
  214,
  316,
  326,
  272,
  197,
  192,
  186,
  263,
  207,
  152,
  177,
  171,
  213,
  197,
  209,
  261,
  198,
  223,
  195,
  246,
  233,
  185,
  177,
  179,
  156,
  194,
  224,
  222,
  133,
  184,
  193,
  320,
  248,
  238,
  41,
  193,
  257,
  302,
  257,
  209,
  303,
  219,
  250,
  344,
  394,
  223,
  282,
  251,
  252,
  294,
  235,
  317,
  216,
  197,
  227,
  185,
  395,
  350,
  79,
  206,
  329,
  174,
  246,
  41,
  176,
  260,
  229,
  200,
  160,
  165,
  235,
  126,
  231,
  188,
  294
]
Scores List: [
  11.5,
  12.5,
  3,
  14,
  5.5,
  6,
  5.5,
  12,
  5,
  3,
  13,
  10.5,
  9.5,
  6.5,
  10,
  5,
  14,
  10,
  10.5,
  9,
  11,
  9,
  7,
  6,
  8.5,
  10,
  12.5,
  7.5,
  11,
  11,
  -2,
  1,
  10.5,
  7,
  10.5,
  13,
  4.5,
  7.5,
  13.5,
  14,
  12.5,
  15.5,
  13.5,
  10,
  8.5,
  10.5,
  11,
  8,
  6.5,
  15,
  3.4,
  1.4761904761904763,
  9.1,
  7,
  8.615384615384615,
  4.9411764705882355,
  7.1,
  5.222222222222222,
  9,
  1,
  6.777777777777778,
  6.666666666666667,
  6,
  6.714285714285714,
  2.3076923076923075,
  7.428571428571429,
  4.642857142857143,
  9.571428571428571,
  10,
  5,
  3,
  7.125,
  3.1875,
  3.25,
  9.5,
  7.545454545454546,
  7.5,
  5.333333333333333,
  7.1,
  5.818181818181818,
  4,
  -2,
  6.666666666666667,
  1.7241379310344827,
  6.8,
  7.142857142857143,
  5.0588235294117645,
  10,
  1,
  0.47058823529411764,
  6.666666666666667,
  7.1,
  6,
  8.666666666666666,
  2.230769230769231,
  3.857142857142857,
  8.090909090909092,
  5.846153846153846,
  7.4,
  4.285714285714286
]
Nodes Processed List MCTS: [
  8488,
  14685,
  9842,
  6212,
  15475,
  12536,
  9736,
  17267,
  10911,
  13236,
  12822,
  13053,
  7860,
  15853,
  13249,
  9348,
  8296,
  12487,
  10593,
  10611,
  12173,
  9720,
  12037,
  12709,
  12395,
  11665,
  18016,
  18740,
  13983,
  10231,
  13595,
  11758,
  11131,
  13181,
  9052,
  7837,
  8713,
  12016,
  9706,
  9467,
  11672,
  8750,
  9423,
  12118,
  12959,
  11058,
  8392,
  9079,
  9008,
  7390,
  4035,
  13197,
  4627,
  6985,
  4858,
  8653,
  17152,
  12586,
  3126,
  3975,
  9363,
  5394,
  7269,
  1447,
  8731,
  10467,
  5628,
  4649,
  7107,
  8397,
  5418,
  3761,
  5346,
  4671,
  8298,
  8352,
  7626,
  4333,
  4036,
  5689,
  5217,
  8124,
  8004,
  8423,
  810,
  5163,
  11257,
  10804,
  11000,
  7874,
  10559,
  7864,
  7643,
  9562,
  13910,
  7873,
  4572,
  9175,
  8568,
  7837
]