Moves List: [
  156,
  306,
  167,
  136,
  245,
  217,
  189,
  286,
  203,
  199,
  266,
  213,
  192,
  242,
  272,
  185,
  228,
  221,
  203,
  187,
  248,
  188,
  215,
  236,
  226,
  214,
  316,
  326,
  272,
  197,
  192,
  186,
  263,
  207,
  152,
  177,
  171,
  213,
  197,
  209,
  261,
  198,
  223,
  195,
  246,
  233,
  185,
  177,
  179,
  156
]
Scores List: [
  11.5,
  12.5,
  3,
  14,
  5.5,
  6,
  5.5,
  12,
  5,
  3,
  13,
  10.5,
  9.5,
  6.5,
  10,
  5,
  14,
  10,
  10.5,
  9,
  11,
  9,
  7,
  6,
  8.5,
  10,
  12.5,
  7.5,
  11,
  11,
  -2,
  1,
  10.5,
  7,
  10.5,
  13,
  4.5,
  7.5,
  13.5,
  14,
  12.5,
  15.5,
  13.5,
  10,
  8.5,
  10.5,
  11,
  8,
  6.5,
  15
]
Nodes Processed List MCTS: [
  8488,
  14685,
  9842,
  6212,
  15475,
  12536,
  9736,
  17267,
  10911,
  13236,
  12822,
  13053,
  7860,
  15853,
  13249,
  9348,
  8296,
  12487,
  10593,
  10611,
  12173,
  9720,
  12037,
  12709,
  12395,
  11665,
  18016,
  18740,
  13983,
  10231,
  13595,
  11758,
  11131,
  13181,
  9052,
  7837,
  8713,
  12016,
  9706,
  9467,
  11672,
  8750,
  9423,
  12118,
  12959,
  11058,
  8392,
  9079,
  9008,
  7390
]
Nodes Processed List Baseline: [
  9009,
  15132,
  9108,
  6190,
  15137,
  13027,
  9353,
  18352,
  11004,
  12971,
  13187,
  12810,
  8083,
  15383,
  14482,
  8870,
  8432,
  12758,
  10314,
  11019,
  12843,
  10066,
  11935,
  12100,
  12747,
  11744,
  18038,
  20238,
  14056,
  10657,
  12304,
  11188,
  10915,
  12767,
  8701,
  8125,
  8261,
  12418,
  10565,
  9182,
  12788,
  9129,
  9761,
  11924,
  13120,
  11274,
  8304,
  9479,
  9030,
  7639
]